Simple plain text exporter for demo purposes

See http://www.grantlee.org/apidox/for_themers.html for more information

Custom values (from the <bodies> section)
    Grav: 9.81

List of all bodies:


    Name:               snowboard
    Custom values (from the <bodies> section):
        Identifier:     0
        FixedRotation:  NO

        AnchorPointRel: { 0.501,0.509 }
        AnchorPointAbs: { 275.049,29.013 }
        Size:           { 549.000,57.000 }
    
    List of all fixtures:

        ----------------------------------------------------------
        fixtureType:             POLYGON

        Custom values (from the <fixtures> section):
            density:             2
            friction:            0
            restitution:         0
            isSensor:            NO
            filter_groupIndex:   0
            filter_categoryBits: 1
            filter_maskBits:     65535


        Hull polygon:
             (-266.049, -28.513)  , (-212.04899999999998, -8.513000000000002)  , (-146.04899999999998, 2.4869999999999983)  , (153.95100000000002, 1.4869999999999983)  , (210.95100000000002, -8.513000000000002)  , (258.951, -28.513)  , (267.951, -26.513)  , (273.451, -15.013000000000002)  , (265.451, -4.013000000000002)  , (240.95100000000002, 8.486999999999998)  , (150.95100000000002, 26.487)  , (-143.04899999999998, 27.487)  , (-203.04899999999998, 19.487)  , (-251.04899999999998, 4.486999999999998)  , (-274.049, -10.513000000000002)  , (-275.549, -20.013)  , (-267.049, -28.513) 

        Convex sub polygons:

             (265.451, -4.013000000000002)  , (240.95100000000002, 8.486999999999998)  , (150.95100000000002, 26.487)  , (210.95100000000002, -8.513000000000002)  , (258.951, -28.513)  , (267.951, -26.513)  , (273.451, -15.013000000000002) 
             (-267.049, -28.513)  , (-266.049, -28.513)  , (-212.04899999999998, -8.513000000000002)  , (-143.04899999999998, 27.487)  , (-203.04899999999998, 19.487)  , (-251.04899999999998, 4.486999999999998)  , (-274.049, -10.513000000000002)  , (-275.549, -20.013) 
             (150.95100000000002, 26.487)  , (153.95100000000002, 1.4869999999999983)  , (210.95100000000002, -8.513000000000002) 
             (150.95100000000002, 26.487)  , (-143.04899999999998, 27.487)  , (-146.04899999999998, 2.4869999999999983)  , (153.95100000000002, 1.4869999999999983) 
             (-143.04899999999998, 27.487)  , (-212.04899999999998, -8.513000000000002)  , (-146.04899999999998, 2.4869999999999983) 


        ----------------------------------------------------------
        fixtureType:             POLYGON

        Custom values (from the <fixtures> section):
            density:             2
            friction:            0
            restitution:         0
            isSensor:            NO
            filter_groupIndex:   0
            filter_categoryBits: 1
            filter_maskBits:     65535


        Hull polygon:
             (139.95100000000002, 2.9869999999999983)  , (183.95100000000002, -2.0130000000000017)  , (215.95100000000002, -9.013000000000002)  , (224.95100000000002, -13.013000000000002)  , (231.95100000000002, -14.013000000000002)  , (237.95100000000002, -18.013)  , (240.95100000000002, -18.013)  , (256.951, -28.013)  , (265.951, -28.013)  , (273.951, -20.013)  , (273.951, -12.013000000000002)  , (265.951, -3.0130000000000017)  , (230.95100000000002, 12.986999999999998)  , (186.95100000000002, 22.987)  , (134.95100000000002, 27.987)  , (-157.04899999999998, 26.987)  , (-213.04899999999998, 17.987)  , (-244.04899999999998, 7.986999999999998)  , (-268.049, -4.013000000000002)  , (-275.049, -12.013000000000002)  , (-275.049, -20.013)  , (-268.049, -28.013)  , (-258.049, -28.013)  , (-241.04899999999998, -18.013)  , (-238.04899999999998, -18.013)  , (-234.04899999999998, -15.013000000000002)  , (-216.04899999999998, -9.013000000000002)  , (-191.04899999999998, -3.0130000000000017)  , (-146.04899999999998, 2.9869999999999983) 

        Convex sub polygons:

             (-258.049, -28.013)  , (-241.04899999999998, -18.013)  , (-213.04899999999998, 17.987)  , (-244.04899999999998, 7.986999999999998)  , (-268.049, -4.013000000000002)  , (-275.049, -12.013000000000002)  , (-275.049, -20.013)  , (-268.049, -28.013) 
             (273.951, -20.013)  , (273.951, -12.013000000000002)  , (265.951, -3.0130000000000017)  , (230.95100000000002, 12.986999999999998)  , (186.95100000000002, 22.987)  , (240.95100000000002, -18.013)  , (256.951, -28.013)  , (265.951, -28.013) 
             (-241.04899999999998, -18.013)  , (-234.04899999999998, -15.013000000000002)  , (-157.04899999999998, 26.987)  , (-213.04899999999998, 17.987) 
             (-234.04899999999998, -15.013000000000002)  , (-241.04899999999998, -18.013)  , (-238.04899999999998, -18.013) 
             (240.95100000000002, -18.013)  , (186.95100000000002, 22.987)  , (231.95100000000002, -14.013000000000002)  , (237.95100000000002, -18.013) 
             (231.95100000000002, -14.013000000000002)  , (186.95100000000002, 22.987)  , (134.95100000000002, 27.987)  , (224.95100000000002, -13.013000000000002) 
             (134.95100000000002, 27.987)  , (183.95100000000002, -2.0130000000000017)  , (215.95100000000002, -9.013000000000002) 
             (134.95100000000002, 27.987)  , (139.95100000000002, 2.9869999999999983)  , (183.95100000000002, -2.0130000000000017) 
             (134.95100000000002, 27.987)  , (-157.04899999999998, 26.987)  , (-146.04899999999998, 2.9869999999999983)  , (139.95100000000002, 2.9869999999999983) 
             (-157.04899999999998, 26.987)  , (-191.04899999999998, -3.0130000000000017)  , (-146.04899999999998, 2.9869999999999983) 
             (-157.04899999999998, 26.987)  , (-216.04899999999998, -9.013000000000002)  , (-191.04899999999998, -3.0130000000000017) 
             (-157.04899999999998, 26.987)  , (-234.04899999999998, -15.013000000000002)  , (-216.04899999999998, -9.013000000000002) 


        ----------------------------------------------------------
        fixtureType:             POLYGON

        Custom values (from the <fixtures> section):
            density:             2
            friction:            0
            restitution:         0
            isSensor:            NO
            filter_groupIndex:   0
            filter_categoryBits: 1
            filter_maskBits:     65535


        Hull polygon:
             (139.95100000000002, 2.9869999999999983)  , (215.95100000000002, -9.013000000000002)  , (256.951, -27.013)  , (272.951, -20.013)  , (270.951, -8.013000000000002)  , (252.95100000000002, 3.9869999999999983)  , (179.95100000000002, 22.987)  , (-143.04899999999998, 27.987)  , (-233.04899999999998, 11.986999999999998)  , (-268.049, -4.013000000000002)  , (-275.049, -20.013)  , (-258.049, -28.013)  , (-216.04899999999998, -10.013000000000002)  , (-146.04899999999998, 2.9869999999999983) 

        Convex sub polygons:

             (-258.049, -28.013)  , (-216.04899999999998, -10.013000000000002)  , (-143.04899999999998, 27.987)  , (-233.04899999999998, 11.986999999999998)  , (-268.049, -4.013000000000002)  , (-275.049, -20.013) 
             (270.951, -8.013000000000002)  , (252.95100000000002, 3.9869999999999983)  , (179.95100000000002, 22.987)  , (215.95100000000002, -9.013000000000002)  , (256.951, -27.013)  , (272.951, -20.013) 
             (179.95100000000002, 22.987)  , (139.95100000000002, 2.9869999999999983)  , (215.95100000000002, -9.013000000000002) 
             (-146.04899999999998, 2.9869999999999983)  , (-143.04899999999998, 27.987)  , (-216.04899999999998, -10.013000000000002) 
             (139.95100000000002, 2.9869999999999983)  , (179.95100000000002, 22.987)  , (-143.04899999999998, 27.987)  , (-146.04899999999998, 2.9869999999999983) 




    Name:               body
    Custom values (from the <bodies> section):
        Identifier:     0
        FixedRotation:  NO

        AnchorPointRel: { 0.500,0.501 }
        AnchorPointAbs: { 164.000,264.027 }
        Size:           { 328.000,527.000 }
    
    List of all fixtures:

        ----------------------------------------------------------
        fixtureType:             POLYGON

        Custom values (from the <fixtures> section):
            density:             2
            friction:            0
            restitution:         0
            isSensor:            NO
            filter_groupIndex:   0
            filter_categoryBits: 1
            filter_maskBits:     65535


        Hull polygon:
             (-5, -241.527)  , (42, -236.527)  , (72, -221.527)  , (66.5, -169.027)  , (96, -154.527)  , (95, -136.527)  , (88.5, -128.027)  , (101.5, -96.02699999999999)  , (103.5, -66.02699999999999)  , (140, -55.52699999999999)  , (146.5, -47.02699999999999)  , (138.5, -36.02699999999999)  , (99, -33.52699999999999)  , (81.5, -6.026999999999987)  , (114.5, 59.97300000000001)  , (122.5, 89.97300000000001)  , (123.5, 125.97300000000001)  , (109.5, 172.973)  , (95, 193.473)  , (70, 213.473)  , (46, 224.473)  , (11, 231.473)  , (-37, 229.473)  , (-90.5, 207.973)  , (-122, 174.473)  , (-132.5, 149.973)  , (-136.5, 123.97300000000001)  , (-135.5, 84.97300000000001)  , (-129.5, 60.97300000000001)  , (-88.5, -12.026999999999987)  , (-106.5, -57.02699999999999)  , (-105, -99.52699999999999)  , (-117, -106.52699999999999)  , (-122.5, -121.02699999999999)  , (-118.5, -131.027)  , (-93.5, -146.027)  , (-114.5, -185.027)  , (-114.5, -193.027)  , (-98.5, -212.027)  , (-77, -225.527)  , (-52, -234.527)  , (-6, -241.527) 

        Convex sub polygons:

             (138.5, -36.02699999999999)  , (99, -33.52699999999999)  , (103.5, -66.02699999999999)  , (140, -55.52699999999999)  , (146.5, -47.02699999999999) 
             (66.5, -169.027)  , (-5, -241.527)  , (42, -236.527)  , (72, -221.527) 
             (95, -136.527)  , (88.5, -128.027)  , (66.5, -169.027)  , (96, -154.527) 
             (-122.5, -121.02699999999999)  , (-118.5, -131.027)  , (-93.5, -146.027)  , (-105, -99.52699999999999)  , (-117, -106.52699999999999) 
             (81.5, -6.026999999999987)  , (-5, -241.527)  , (66.5, -169.027)  , (88.5, -128.027)  , (101.5, -96.02699999999999)  , (103.5, -66.02699999999999)  , (99, -33.52699999999999) 
             (-105, -99.52699999999999)  , (-93.5, -146.027)  , (-52, -234.527)  , (-6, -241.527)  , (-5, -241.527)  , (70, 213.473)  , (-88.5, -12.026999999999987)  , (-106.5, -57.02699999999999) 
             (-122, 174.473)  , (-136.5, 123.97300000000001)  , (-135.5, 84.97300000000001)  , (70, 213.473)  , (46, 224.473)  , (11, 231.473)  , (-37, 229.473)  , (-90.5, 207.973) 
             (-98.5, -212.027)  , (-77, -225.527)  , (-52, -234.527)  , (-93.5, -146.027)  , (-114.5, -185.027)  , (-114.5, -193.027) 
             (109.5, 172.973)  , (95, 193.473)  , (70, 213.473)  , (81.5, -6.026999999999987)  , (114.5, 59.97300000000001)  , (122.5, 89.97300000000001)  , (123.5, 125.97300000000001) 
             (-136.5, 123.97300000000001)  , (-122, 174.473)  , (-132.5, 149.973) 
             (70, 213.473)  , (-5, -241.527)  , (81.5, -6.026999999999987) 
             (-129.5, 60.97300000000001)  , (-88.5, -12.026999999999987)  , (70, 213.473)  , (-135.5, 84.97300000000001) 


        ----------------------------------------------------------
        fixtureType:             POLYGON

        Custom values (from the <fixtures> section):
            density:             2
            friction:            0
            restitution:         0
            isSensor:            NO
            filter_groupIndex:   0
            filter_categoryBits: 1
            filter_maskBits:     65535


        Hull polygon:
             (40, -236.527)  , (72.5, -221.027)  , (66.5, -172.027)  , (96, -154.527)  , (89.5, -126.02699999999999)  , (103.5, -71.02699999999999)  , (146.5, -46.02699999999999)  , (137, -35.52699999999999)  , (95.5, -31.026999999999987)  , (83, -4.526999999999987)  , (119.5, 74.97300000000001)  , (121.5, 137.973)  , (101.5, 184.973)  , (70, 213.473)  , (8, 231.473)  , (-41, 228.473)  , (-105.5, 195.973)  , (-133.5, 144.973)  , (-133.5, 74.97300000000001)  , (-90.5, -8.026999999999987)  , (-106.5, -56.02699999999999)  , (-105.5, -98.02699999999999)  , (-122.5, -120.02699999999999)  , (-93.5, -148.027)  , (-113.5, -194.027)  , (-88.5, -219.027)  , (-40, -237.527)  , (39, -236.527) 

        Convex sub polygons:

             (89.5, -126.02699999999999)  , (66.5, -172.027)  , (96, -154.527) 
             (-93.5, -148.027)  , (39, -236.527)  , (40, -236.527)  , (66.5, -172.027)  , (95.5, -31.026999999999987)  , (83, -4.526999999999987)  , (-105.5, -98.02699999999999)  , (-122.5, -120.02699999999999) 
             (66.5, -172.027)  , (40, -236.527)  , (72.5, -221.027) 
             (-88.5, -219.027)  , (-40, -237.527)  , (39, -236.527)  , (-93.5, -148.027)  , (-113.5, -194.027) 
             (137, -35.52699999999999)  , (95.5, -31.026999999999987)  , (103.5, -71.02699999999999)  , (146.5, -46.02699999999999) 
             (-133.5, 144.973)  , (-133.5, 74.97300000000001)  , (-90.5, -8.026999999999987)  , (83, -4.526999999999987)  , (119.5, 74.97300000000001)  , (8, 231.473)  , (-41, 228.473)  , (-105.5, 195.973) 
             (70, 213.473)  , (8, 231.473)  , (119.5, 74.97300000000001)  , (121.5, 137.973)  , (101.5, 184.973) 
             (95.5, -31.026999999999987)  , (66.5, -172.027)  , (89.5, -126.02699999999999)  , (103.5, -71.02699999999999) 
             (-106.5, -56.02699999999999)  , (-105.5, -98.02699999999999)  , (83, -4.526999999999987)  , (-90.5, -8.026999999999987) 




    Name:               rock-01
    Custom values (from the <bodies> section):
        Identifier:     0
        FixedRotation:  NO

        AnchorPointRel: { 0.000,0.000 }
        AnchorPointAbs: { 0.000,0.000 }
        Size:           { 150.000,150.000 }
    
    List of all fixtures:

        ----------------------------------------------------------
        fixtureType:             POLYGON

        Custom values (from the <fixtures> section):
            density:             2
            friction:            0
            restitution:         0
            isSensor:            NO
            filter_groupIndex:   0
            filter_categoryBits: 1
            filter_maskBits:     65535


        Hull polygon:
             (2, 82)  , (7, 14)  , (20, 6)  , (41, 2)  , (89, 11)  , (137, 52)  , (147, 82) 

        Convex sub polygons:

             (7, 14)  , (20, 6)  , (41, 2)  , (89, 11)  , (137, 52)  , (147, 82)  , (2, 82) 



